1
5
6
7
10
11
16
18
19
20
21
22
25
26
27
28
29
31
32
33
35
36
37
39
40
41
42
43
44
46
48
50
51
58
59
61
66
69
72
73
75
76
79
82
84
85
87
88
90
91
94
95
97
101
106
108
110
111
112
114
115
117
118
123
125
128
131
132
133
138
139
140
143
144
152
158
161
165
168
170
171
172
173
175
177
179
180
181
182
183
184
187
188
191
193
194
197
198
201
202
203
204
206
208
209
212
215
216
221
223
224
228
229
230
231
232
233
235
236
238
240
241
242
243
246
248
249
250
252
254
255
257
258
259
260
262
263
264
270
272
273
284
288
291
292
293
295
297
298
299
300
301
302
306
307
308
311
312
313
316
317
318
319
320
321
322
323
324
326
327
328
329
332
333
334
335
336
340
341
342
344
345
346
348
351
352
353
357
358
360
361
362
363
364
365
366
367
368
369
371
372
373
375
376
377
378
379
380
381
382
383
384
387
388
392
393
394
395
396
397
399
400
402
403
404
405
406
407
408
410
411
412
413
414
415
416
418
419
421
422
423
425
426
431
433
435
436
437
445
446
450
454
455
457
458
459
461
463
464
465
467
468
473
474
475
484
497
500
507
508
509
511
513
517
518
520
521
522
524
525
526
527
528
529
530
531
532
533
535
536
537
538
540
541
543
544
545
546
547
549
550
551
553
555
556
557
559
560
561
562
563
564
565
566
567
568
569
572
573
574
575
576
578
581
583
585
586
587
588
589
590
591
592
593
594
595
596
597
599
600
601
602
603
608
612
614
615
618
621
625
630
634
635
636
639
642
644
646
647
649
651
653
654
656
658
659
660
661
662
663
664
668
669
670
671
674
676
677
678
681
682
683
684
685
686
687
689
692
697
699
701
702
703
704
705
706
709
710
711
713
715
716
719
722
725
727
728
729
731
732
733
736
737
738
739
743
746
747
748
750
751
752
754
756
757
758
760
762
768
772
778
783
784
788
789
791
792
793
795
797
802
803
804
806
807
809
812
813
818
819
829
837
838
839
841
842
845
849
851
852
853
855
856
857
858
859
862
863
866
867
869
870
872
873
874
875
877
879
889
892
893
894
897
900
901
903
904
905
906
908
909
910
911
913
914
915
916
919
922
924
926
927
928
929
930
932
933
934
935
936
938
939
941
945
950
960
962
965
967
968
974
977
982
985
987
991
994
995
996
997
1000
1001
1002
1003
1004
1006
1007
1009
1010
1013
1015
1017
1019
1022
1024
1025
1026
1027
1028
1029
1030
1031
1033
1034
1035
1036
1037
1038
1040
1041
1043
1044
1045
1047
1049
1052
1053
1054
1055
1056
1057
1058
1060
1061
1062
1063
1064
1066
1068
1069
1074
1077
1080
1081
1082
1083
1086
1087
1088
1089
1090
1091
1092
1094
1095
1098
1099
1104
1109
1115
1116
1118
1122
1125
1126
1131
1132
1135
1136
1138
1139
1141
1142
1144
1145
1158
1160
1165
1178
1186
1188
1189
1191
1192
1193
1195
1196
1197
1198
1201
1202
1204
1205
1206
1207
1208
1210
1211
1212
1214
1215
1216
1217
1218
1219
1220
1221
1222
1223
1226
1227
1228
1229
1231
1232
1233
1234
1238
1239
1240
1241
1244
1245
1246
1248
1250
1251
1252
1254
1255
1259
1261
1262
1263
1269
1271
1272
1273
1275
1276
1277
1278
1285
1287
1288
1290
1292
1298
1299
1302
1303
1307
1308
1309
1310
1311
1312
1313
1315
1320
1321
1323
1325
1326
1327
1328
1330
1331
1333
1334
1336
1338
1339
1340
1341
1342
1343
1344
1346
1347
1348
1352
1356
1358
1361
1363
1364
1365
1366
1367
1368
1370
1372
1373
1376
1377
1378
1379
1380
1381
1384
1386
1387
1389
1391
1392
1394
1395
1396
1397
1398
1399
1402
1403
1404
1407
1408
1413
1416
1419
1420
1421
1423
1424
1425
1427
1429
1430
1431
1434
1435
1436
1437
1438
1442
1444
1445
1446
1453
1455
1458
1461
1462
1464
1467
1469
1470
1471
1473
1474
1477
1479
1480
1483
1484
1488
1498
1499
1503
1512
1513
1514
1515
1516
1517
1518
1524
1526
1529
1530
1531
1533
1535
1536
1537
1538
1539
1540
1541
1544
1545
1546
1547
1549
1550
1552
1558
1560
1562
1567
1569
1570
1574
1575
1576
1578
1579
1580
1581
1582
1583
1584
1588
1589
1590
1591
1592
1593
1594
1595
1596
1597
1598
1600
1602
1604
1606
1607
1608
1609
1612
1613
1614
1615
1617
1618
1620
1622
1623
1625
1626
1627
1634
1636
1640
1641
1642
1645
1649
1650
1651
1652
1662
1665
1666
1671
1672
1673
1674
1675
1677
1678
1679
1680
1682
1685
1686
1687
1688
1689
1690
1691
1693
1695
1696
1698
1699
1702
1703
1704
1705
1706
1707
1709
1712
1713
1714
1715
1717
1718
1719
1721
1722
1727
1729
1731
1732
1733
1734
1735
1736
1737
1740
1741
1742
1744
1745
1746
1750
1751
1757
1759
1761
1762
1764
1766
1771
1774
1775
1785
1787
1791
1794
1796
1797
1801
1803
1804
1806
1809
1810
1811
1812
1813
1814
1816
1817
1818
1821
1823
1832
1833
1848
1850
1852
1856
1857
1862
1863
1864
1866
1867
1868
1870
1874
1877
1878
1879
1880
1881
1882
1883
1884
1885
1887
1889
1893
1895
1897
1898
1899
1902
1903
1905
1911
1912
1913
1917
1918
1920
1922
1928
1930
1931
1932
1935
1937
1938
1939
1942
1943
1948
1949
1950
1951
1954
1955
1956
1965
1966
1972
1973
1974
1977
1980
1984
1985
1986
1987
1989
1990
1991
1993
1995
1996
1998
1999
2000
2002
2003
2004
2006
2011
2012
2014
2015
2016
2018
2019
2022
2023
2024
2028
2029
2031
2032
2033
2034
2035
2036
2037
2040
2041
2042
2043
2045
2052
2053
2056
2058
2059
2060
2063
2064
2067
2068
2069
2070
2071
2072
2074
2075
2077
2079
2080
2084
2085
2088
2095
2096
2097
2098
2099
2106
2107
2109
2110
2111
2113
2116
2129
2131
2135
2136
2137
2141
2142
2143
2145
2146
2147
2150
2152
2153
2154
2155
2159
2160
2163
2164
2167
2169
2177
2181
2182
2188
2189
2191
2192
2198
2200
2201
2202
2203
2204
2205
2206
2207
2208
2210
2211
2212
2214
2215
2217
2218
2219
2221
2225
2230
2233
2234
2235
2240
2241
2243
2244
2246
2248
2252
2253
2256
2257
2259
2261
2262
2264
2265
2266
2267
2273
2276
2278
2279
2280
2281
2282
2283
2285
2286
2287
2289
2291
2292
2293
2296
2298
2300
2302
2303
2304
2305
2306
2311
2314
2318
2322
2323
2325
2326
2328
2329
2331
2333
2340
2341
2342
2343
2346
2349
2350
2351
2352
2353
2354
2355
2356
2358
2359
2361
2365
2367
2368
2369
2370
2371
2372
2373
2374
2376
2377
2378
2379
2380
2382
2383
2384
2385
2386
2389
2390
2392
2393
2395
2397
2399
2400
2401
2402
2403
2405
2406
2407
2408
2409
2410
2412
2413
2416
2418
2419
2421
2423
2425
2428
2429
2431
2433
2435
2437
2440
2441
2443
2444
2446
2447
2448
2449
2452
2453
2456
2457
2460
2463
2467
2473
2478
2479
2480
2482
2483
2484
2485
2486
2487
2489
2490
2491
2493
2497
2501
2503
2520
2521
2527
2528
2529
2530
2532
2534
2537
2538
2539
2540
2541
2542
2543
2545
2548
2552
2555
2557
2560
2563
2564
2568
2571
2573
2574
2575
2576
2577
2579
2581
2586
2587
2589
2591
2592
2593
2596
2597
2601
2604
2605
2606
2615
2617
2619
2620
2621
2624
2625
2627
2628
2629
2630
2643
2647
2657
2658
2660
2661
2663
2665
2667
2672
2675
2677
2679
2681
2682
2684
2685
2686
2687
2688
2689
2692
2693
2696
2697
2699
2701
2703
2705
2706
2707
2711
2712
2713
2714
2715
2716
2717
2718
2719
2726
2728
2729
2730
2731
2732
2733
2734
2736
2738
2739
2741
2742
2745
2746
2747
2748
2749
2750
2751
2753
2755
2758
2762
2763
2764
2765
2766
2767
2771
2772
2773
2774
2775
2777
2779
2780
2783
2785
2786
2787
2789
2793
2808
2812
2813
2815
2817
2818
2819
2822
2823
2825
2826
2827
2828
2829
2830
2831
2832
2835
2836
2837
2848
2850
2857
2858
2862
2864
2865
2866
2867
2868
2869
2873
2876
2878
2879
2880
2881
2882
2883
2889
2890
2891
2892
2893
2895
2897
2898
2899
2901
2902
2904
2905
2907
2908
2911
2912
2913
2919
2920
2921
2922
2926
2928
2932
2935
2936
2939
2940
2943
2944
2945
2946
2947
2949
2950
2951
2952
2953
2955
2957
2958
2961
2962
2963
2964
2965
2966
2968
2969
2971
2976
2978
2980
2987
2993
2994
2997
2998
3003
3004
3005
3006
3009
3013
3016
3017
3018
3020
3021
3022
3028
3029
3030
3031
3032
3033
3037
3038
3039
3040
3041
3042
3043
3045
3047
3048
3050
3051
3053
3054
3055
3057
3058
3059
3061
3062
3066
3073
3076
3078
3080
3081
3082
3083
3084
3086
3088
3089
3090
3091
3094
3096
3102
3103
3105
3110
3111
3113
3117
3120
3121
3122
3123
3124
3125
3127
3129
3130
3132
3133
3136
3138
3139
3140
3141
3142
3145
3149
3152
3154
3155
3156
3157
3158
3159
3160
3161
3162
3163
3164
3165
3167
3169
3173
3174
3177
3180
3181
3190
3191
3196
3202
3203
3204
3206
3208
3214
3215
3216
3220
3221
3222
3223
3224
3227
3230
3233
3234
3235
3236
3239
3240
3242
3243
3246
3247
3248
3251
3255
3257
3259
3261
3263
3264
3265
3267
3269
3271
3272
3275
3276
3277
3279
3281
3282
3284
3285
3287
3292
3293
3294
3295
3296
3298
3299
3301
3302
3303
3306
3314
3316
3332
3334
3335
3336
3337
3339
3340
3341
3342
3344
3347
3348
3349
3351
3353
3354
3355
3357
3358
3364
3366
3367
3368
3372
3373
3375
3376
3377
3380
3382
3384
3386
3388
3389
3390
3391
3392
3394
3395
3396
3401
3404
3405
3406
3407
3409
3410
3412
3413
3414
3415
3416
3418
3420
3421
3422
3424
3425
3428
3431
3432
3434
3436
3441
3442
3446
3449
3450
3454
3455
3456
3459
3461
3462
3463
3465
3466
3468
3469
3472
3473
3476
3479
3483
3484
3487
3488
3489
3492
3493
3494
3495
3496
3497
3498
3499
3502
3507
3508
3511
3512
3522
3523
3529
3533
3540
3541
3542
3543
3544
3549
3551
3552
3554
3559
3560
3562
3563
3564
3566
3567
3568
3570
3571
3572
3574
3575
3576
3577
3578
3580
3581
3582
3583
3584
3585
3588
3589
3593
3595
3597
3598
3599
3600
3603
3604
3605
3606
3608
3609
3611
3612
3613
3615
3617
3618
3619
3620
3621
3622
3626
3627
3628
3631
3632
3634
3635
3639
3640
3641
3643
3644
3645
3647
3650
3651
3654
3655
3660
3664
3669
3671
3674
3675
3676
3679
3680
3685
3690
3692
3693
3694
3696
3697
3700
3701
3703
3704
3705
3706
3707
3712
3713
3715
3717
3718
3719
3720
3721
3722
3723
3724
3725
3726
3728
3729
3730
3733
3734
3735
3737
3738
3739
3741
3746
3748
3750
3751
3752
3754
3757
3759
3760
3763
3764
3772
3773
3775
3778
3781
3784
3785
3787
3789
3792
3793
3799
3800
3801
3804
3805
3812
3814
3815
3816
3818
3819
3821
3828
3829
3833
3835
3836
3838
3841
3844
3845
3848
3849
3850
3851
3853
3866
3872
3878
3879
3880
3882
3884
3887
3890
3892
3893
3894
3896
3898
3899
3900
3901
3902
3903
3905
3907
3909
3910
3911
3915
3919
3921
3922
3923
3925
3926
3934
3935
3936
3940
3941
3942
3946
3947
3950
3951
3956
3958
3959
3961
3963
3964
3965
3966
3968
3970
3971
3972
3974
3975
3976
3978
3980
3983
3987
3988
3990
3994
3995
3997
4003
4005
4007
4008
4009
4011
4013
4015
4016
4017
4018
4019
4023
4024
4027
4028
4031
4033
4034
4035
4037
4038
4039
4043
4045
4048
4050
4052
4055
4056
4060
4061
4062
4063
4064
4065
4066
4070
4071
4072
4073
4074
4080
4082
4083
4085
4086
4088
4091
4092
4093
4094
4097
4099
4100
4101
4108
4109
4111
4112
4114
4115
4116
4117
4120
4125
4126
4127
4130
4135
4138
4140
4141
4143
4146
4147
4150
4155
4156
4157
4160
4161
4163
4164
4165
4168
4169
4170
4171
4172
4174
4175
4178
4179
4181
4182
4184
4187
4188
4197
4218
4219
4220
4225
4228
4229
4230
4233
4235
4236
4237
4240
4243
4245
4247
4249
4250
4252
4253
4254
4256
4257
4258
4259
4260
4261
4263
4264
4265
4266
4269
4270
4271
4272
4273
4274
4275
4277
4279
4280
4281
4282
4284
4285
4288
4289
4292
4294
4295
4297
4298
4299
4300
4301
4302
4304
4305
4306
4310
4311
4312
4313
4315
4316
4320
4324
4326
4327
4330
4334
4336
4339
4340
4344
4350
4351
4352
4354
4355
4358
4361
4362
4365
4368
4369
4370
4371
4372
4373
4374
4375
4376
4377
4378
4379
4380
4381
4382
4383
4384
4385
4389
4391
4392
4395
4396
4397
4398
4400
4401
4402
4403
4404
4405
4406
4407
4408
4409
4410
4411
4413
4414
4415
4417
4419
4422
4423
4424
4428
4430
4431
4432
4434
4435
4436
4437
4440
4441
4442
4446
4447
4450
4453
4454
4457
4458
4460
4461
4462
4463
4464
4465
4466
4467
4468
4470
4472
4473
4474
4475
4476
4477
4480
4481
4486
4490
4492
4493
4498
4499
4500
4503
4504
4508
4509
4511
4512
4513
4514
4517
4519
4520
4521
4522
4524
4526
4529
4533
4539
4544
4547
4555
4556
4559
4562
4564
4565
4566
4567
4570
4571
4573
4574
4579
4586
4587
4588
4589
4590
4591
4595
4596
4598
4599
4601
4602
4605
4607
4608
4610
4614
4615
4617
4618
4619
4620
4621
4622
4623
4624
4626
4627
4629
4632
4635
4637
4638
4640
4641
4642
4644
4645
4646
4647
4648
4650
4651
4652
4657
4658
4659
4661
4662
4666
4668
4669
4670
4672
4673
4675
4676
4684
4685
4687
4688
4692
4693
4703
4704
4706
4707
4709
4711
4712
4713
4714
4715
4716
4717
4719
4720
4722
4723
4724
4726
4727
4728
4730
4731
4732
4733
4737
4738
4739
4740
4741
4742
4743
4744
4746
4747
4748
4751
4753
4754
4755
4758
4761
4763
4767
4768
4770
4771
4773
4774
4775
4776
4777
4779
4780
4784
4786
4787
4788
4791
4793
4798
4799
4800
4805
4807
4808
4811
4812
4815
4816
4823
4826
4827
4829
4832
4833
4835
4836
4837
4838
4840
4844
4846
4847
4849
4850
4851
4853
4857
4860
4863
4871
4892
4893
4902
4903
4904
4907
4908
4910
4912
4913
4915
4919
4921
4923
4924
4925
4926
4927
4928
4929
4930
4934
4935
4936
4939
4941
4944
4945
4947
4949
4953
4956
4957
4958
4960
4961
4962
4963
4964
4965
4966
4967
4969
4970
4971
4972
4974
4977
4978
4980
4982
4983
4984
4986
4987
4990
4991
4992
4994
4997
4998
5004
5005
5007
5021
5023
5024
5025
5027
5028
5029
5030
5031
5033
5037
5038
5040
5041
5042
5043
5044
5045
5046
5047
5048
5050
5051
5052
5053
5054
5055
5056
5057
5059
5061
5066
5071
5072
5073
5074
5075
5076
5077
5079
5080
5082
5083
5084
5089
5090
5091
5092
5094
5095
5098
5100
5101
5105
5106
5107
5108
5109
5110
5111
5113
5114
5116
5118
5120
5122
5124
5125
5130
5131
5133
5136
5137
5139
5140
5141
5143
5144
5146
5147
5151
5152
5153
5154
5169
5176
5179
5180
5181
5183
5184
5185
5187
5188
5190
5192
5193
5195
5197
5198
5201
5208
5217
5230
5231
5232
5234
5235
5237
5239
5242
5243
5244
5248
5251
5252
5253
5254
5255
5256
5257
5259
5260
5261
5262
5263
5266
5267
5269
5271
5272
5273
5274
5280
5287
5290
5292
5293
5294
5295
5296
5298
5302
5303
5304
5308
5311
5312
5313
5314
5315
5316
5317
5319
5320
5321
5323
5326
5327
5328
5330
5333
5335
5342
5359
5360
5361
5363
5364
5365
5367
5368
5369
5370
5371
5372
5375
5376
5378
5379
5380
5381
5383
5387
5391
5392
5393
5394
5396
5397
5398
5399
5402
5403
5404
5407
5411
5413
5414
5415
5418
5419
5420
5422
5423
5424
5427
5428
5429
5430
5431
5432
5433
5437
5440
5443
5445
5447
5448
5449
5450
5451
5453
5455
5456
5457
5459
5460
5462
5468
5469
5471
5472
5475
5476
5477
5478
5479
5481
5483
5484
5486
5487
5488
5489
5490
5492
5493
5494
5497
5506
5514
5515
5519
5523
5524
5526
5527
5529
5531
5532
5533
5534
5535
5539
5569
5571
5572
5577
5578
5580
5582
5583
5585
5586
5588
5589
5591
5593
5594
5595
5596
5598
5600
5601
5602
5604
5605
5608
5609
5610
5611
5612
5613
5614
5616
5617
5619
5625
5626
5627
5629
5630
5631
5634
5635
5636
5637
5638
5639
5641
5642
5643
5644
5645
5646
5647
5648
5650
5652
5653
5654
5655
5657
5658
5661
5662
5666
5669
5670
5671
5672
5673
5674
5675
5680
5682
5683
5684
5691
5695
5698
5699
5700
5701
5702
5703
5704
5707
5708
5709
5714
5717
5719
5720
5721
5722
5723
5724
5726
5727
5728
5729
5730
5731
5732
5733
5734
5735
5737
5738
5739
5740
5742
5744
5745
5746
5747
5748
5751
5753
5755
5757
5759
5760
5761
5763
5765
5766
5767
5769
5770
5772
5773
5774
5775
5776
5777
5781
5783
5784
5785
5786
5788
5789
5790
5793
5794
5799
5800
5801
5802
5805
5807
5810
5812
5814
5816
5817
5821
5822
5823
5825
5827
5835
5836
5839
5840
5855
5858
5859
5860
5861
5863
5864
5865
5867
5869
5872
5874
5875
5884
5893
5905
5906
5908
5911
5917
5920
5921
5923
5925
5929
5932
5933
5935
5936
5938
5939
5940
5942
5943
5946
5947
5948
5949
5952
5953
5954
5957
5960
5961
5963
5964
5965
5967
5969
5971
5972
5974
5975
5976
5978
5980
5981
5984
5987
5990
5993
5995
5996
5998
6001
6003
6004
6008
6011
6020
6021
6024
6026
6028
6031
6035
6036
6037
6039
6040
6041
6043
6044
6047
6048
6053
6055
6059
6060
6061
6062
6063
6066
6067
6068
6069
6070
6071
6073
6077
6078
6079
6080
6082
6087
6089
6090
6092
6093
6094
6095
6098
6099
6100
6103
6104
6105
6106
6108
6109
6110
6112
6113
6114
6115
6116
6118
6119
6123
6124
6125
6126
6127
6130
6131
6132
6133
6134
6135
6136
6138
6139
6140
6141
6143
6145
6148
6150
6151
6154
6155
6156
6160
6163
6164
6165
6166
6169
6172
6173
6182
6186
6187
6188
6189
6191
6192
6193
6194
6196
6198
6199
6200
6201
6202
6203
6205
6207
6208
6209
6210
6211
6212
6215
6218
6226
6244
6245
6250
6251
6257
6258
6259
6260
6261
6265
6266
6267
6268
6271
6277
6278
6281
6282
6285
6286
6287
6288
6290
6291
6292
6293
6300
6301
6302
6303
6305
6308
6309
6310
6311
6313
6314
6315
6317
6322
6323
6324
6327
6330
6331
6332
6334
6335
6337
6338
6339
6340
6341
6343
6344
6347
6348
6356
6359
6374
6377
6378
6381
6382
6383
6384
6385
6389
6390
6391
6393
6394
6396
6397
6398
6399
6401
6402
6403
6404
6406
6407
6408
6409
6413
6414
6417
6418
6419
6422
6424
6425
6426
6433
6434
6435
6438
6439
6442
6443
6444
6445
6448
6452
6453
6456
6458
6459
6461
6462
6464
6465
6467
6468
6469
6470
6473
6474
6475
6476
6477
6481
6482
6483
6484
6486
6487
6488
6489
6490
6491
6493
6494
6497
6498
6499
6502
6503
6505
6506
6507
6509
6511
6512
6517
6519
6521
6528
6530
6532
6534
6535
6536
6537
6538
6543
6547
6548
6549
6550
6553
6556
6558
6561
6579
6582
6583
6586
6587
6592
6595
6597
6599
6600
6601
6606
6607
6608
6609
6612
6614
6615
6616
6618
6623
6624
6625
6627
6629
6633
6635
6637
6638
6639
6640
6641
6642
6643
6646
6647
6648
6651
6652
6653
6654
6655
6658
6661
6663
6665
6666
6667
6668
6669
6670
6671
6673
6674
6677
6679
6680
6681
6682
6684
6685
6686
6687
6689
6692
6693
6694
6697
6700
6706
6711
6713
6714
6715
6720
6721
6722
6723
6725
6731
6732
6733
6734
6736
6738
6739
6742
6743
6744
6745
6746
6750
6751
6753
6754
6755
6760
6761
6763
6764
6765
6768
6769
6771
6772
6774
6775
6776
6777
6778
6779
6780
6781
6782
6783
6784
6785
6786
6792
6797
6798
6799
6800
6801
6802
6803
6807
6810
6814
6815
6816
6819
6823
6825
6828
6830
6834
6836
6837
6839
6840
6842
6844
6845
6847
6848
6851
6855
6862
6864
6865
6868
6871
6872
6874
6875
6876
6877
6879
6880
6881
6883
6884
6885
6886
6887
6890
6891
6892
6905
6917
6921
6922
6923
6927
6932
6934
6937
6939
6940
6941
6942
6943
6944
6945
6947
6948
6950
6951
6952
6953
6954
6955
6958
6959
6961
6962
6964
6968
6972
6973
6975
6977
6978
6979
6980
6984
6985
6987
6989
6992
6994
6995
6996
6999
7000
7001
7005
7006
7008
7011
7013
7015
7016
7020
7022
7023
7024
7025
7026
7032
7036
7041
7045
7046
7050
7052
7053
7054
7056
7058
7059
7060
7061
7062
7069
7072
7074
7077
7079
7080
7081
7082
7083
7084
7085
7086
7087
7088
7089
7090
7091
7092
7094
7095
7096
7097
7099
7101
7102
7103
7104
7105
7106
7108
7109
7110
7114
7117
7118
7119
7120
7121
7122
7123
7124
7127
7128
7130
7132
7134
7135
7136
7138
7140
7141
7142
7143
7144
7145
7148
7150
7152
7153
7158
7159
7160
7162
7168
7172
7173
7177
7178
7179
7181
7183
7187
7188
7191
7193
7195
7197
7198
7205
7207
7211
7212
7213
7214
7215
7216
7217
7219
7221
7226
7228
7230
7236
7241
7254
7258
7259
7269
7272
7274
7275
7276
7278
7280
7281
7282
7284
7285
7286
7287
7290
7291
7294
7298
7299
7301
7302
7303
7305
7306
7309
7310
7311
7315
7316
7318
7322
7323
7324
7326
7329
7330
7331
7334
7336
7339
7340
7341
7343
7346
7347
7348
7350
7354
7355
7356
7357
7358
7360
7361
7362
7365
7368
7372
7373
7375
7378
7383
7384
7389
7390
7394
7397
7399
7400
7407
7409
7410
7413
7415
7416
7417
7418
7419
7421
7424
7426
7428
7429
7430
7431
7432
7435
7436
7437
7439
7441
7442
7443
7444
7445
7446
7447
7451
7454
7456
7457
7458
7459
7460
7464
7468
7469
7474
7475
7476
7477
7478
7479
7481
7483
7484
7489
7490
7491
7495
7496
7497
7500
7503
7505
7506
7508
7509
7510
7513
7515
7517
7518
7519
7521
7524
7525
7528
7531
7535
7536
7540
7541
7542
7544
7547
7548
7550
7551
7552
7553
7555
7559
7560
7562
7563
7566
7567
7568
7575
7589
7598
7599
7600
7602
7605
7607
7608
7610
7615
7618
7620
7621
7622
7623
7624
7625
7630
7633
7634
7636
7638
7639
7640
7641
7644
7645
7650
7651
7652
7653
7654
7655
7656
7657
7658
7660
7661
7663
7664
7666
7667
7668
7669
7670
7672
7673
7678
7680
7682
7685
7687
7688
7690
7692
7693
7694
7695
7698
7699
7700
7701
7702
7703
7708
7710
7711
7716
7717
7726
7728
7729
7730
7731
7732
7734
7737
7741
7745
7748
7752
7753
7754
7757
7762
7764
7765
7766
7767
7768
7771
7772
7773
7774
7777
7778
7780
7784
7785
7786
7788
7789
7790
7793
7794
7796
7797
7799
7802
7805
7806
7807
7809
7812
7813
7815
7817
7820
7821
7822
7824
7825
7826
7829
7831
7832
7834
7835
7837
7838
7841
7845
7846
7848
7849
7852
7853
7854
7855
7856
7857
7859
7860
7861
7863
7866
7872
7876
7882
7883
7884
7886
7888
7889
7891
7892
7893
7894
7895
7899
7905
7909
7911
7913
7922
7928
7932
7933
7934
7939
7941
7945
7946
7948
7949
7950
7951
7952
7954
7957
7958
7959
7963
7965
7967
7969
7970
7971
7974
7975
7976
7977
7978
7979
7981
7982
7985
7986
7991
7993
7995
7997
7999
8000
8001
8004
8005
8007
8010
8011
8012
8013
8014
8017
8019
8021
8022
8023
8024
8025
8026
8027
8028
8030
8032
8034
8036
8037
8039
8040
8041
8048
8049
8061
8063
8067
8070
8072
8073
8083
8084
8085
8086
8088
8089
8090
8091
8092
8094
8095
8096
8097
8098
8099
8101
8103
8105
8106
8108
8111
8113
8114
8115
8119
8120
8121
8122
8123
8125
8126
8127
8129
8131
8135
8136
8139
8140
8141
8142
8143
8144
8145
8146
8150
8151
8152
8154
8155
8157
8159
8161
8162
8164
8165
8171
8172
8174
8179
8180
8182
8185
8186
8188
8189
8190
8191
8194
8195
8196
8198
8199
8200
8201
8202
8204
8208
8209
8219
8220
8221
8223
8224
8225
8226
8227
8228
8231
8233
8234
8238
8239
8243
8260
8268
8274
8275
8276
8279
8281
8283
8285
8287
8290
8294
8295
8296
8297
8298
8300
8301
8302
8304
8305
8306
8308
8309
8311
8312
8313
8314
8315
8317
8319
8320
8321
8324
8327
8329
8330
8331
8332
8333
8336
8337
8339
8340
8342
8345
8348
8350
8352
8356
8361
8362
8363
8364
8365
8366
8368
8370
8371
8372
8374
8376
8378
8386
8387
8388
8390
8395
8397
8402
8403
8405
8406
8407
8409
8410
8411
8412
8415
8417
8421
8427
8428
8430
8431
8432
8433
8434
8435
8438
8440
8441
8442
8443
8444
8445
8447
8448
8449
8450
8451
8452
8457
8458
8460
8462
8463
8464
8466
8467
8471
8472
8476
8477
8479
8480
8481
8482
8483
8484
8487
8488
8489
8491
8495
8497
8498
8500
8501
8505
8506
8508
8510
8511
8516
8517
8520
8524
8527
8528
8529
8530
8531
8532
8533
8535
8536
8537
8541
8542
8550
8552
8553
8554
8557
8560
8561
8562
8563
8564
8565
8566
8567
8568
8569
8570
8571
8574
8577
8578
8579
8580
8582
8610
8611
8612
8613
8618
8621
8622
8624
8626
8627
8628
8630
8634
8636
8640
8642
8644
8646
8648
8650
8651
8652
8653
8654
8655
8658
8661
8662
8665
8667
8669
8670
8672
8673
8674
8675
8676
8677
8678
8680
8682
8684
8687
8688
8689
8691
8696
8697
8698
8699
8701
8702
8703
8704
8708
8714
8715
8719
8722
8724
8729
8730
8734
8743
8746
8747
8748
8749
8750
8752
8755
8760
8761
8762
8763
8764
8765
8766
8767
8770
8771
8772
8773
8774
8775
8776
8777
8778
8779
8782
8783
8784
8788
8789
8790
8792
8793
8795
8796
8797
8798
8799
8800
8801
8802
8803
8804
8806
8808
8809
8810
8812
8813
8814
8816
8817
8818
8819
8820
8821
8822
8824
8825
8826
8827
8829
8830
8831
8832
8835
8836
8838
8839
8841
8842
8843
8844
8846
8847
8849
8853
8855
8856
8857
8859
8861
8863
8864
8865
8867
8869
8870
8871
8872
8885
8886
8897
8900
8901
8902
8903
8904
8905
8907
8908
8910
8913
8916
8918
8927
8951
8960
8961
8962
8968
8970
8971
8972
8973
8974
8978
8982
8983
8984
8985
8986
8987
8990
8991
8993
8996
8999
9001
9003
9004
9005
9006
9007
9008
9009
9010
9012
9013
9015
9016
9017
9018
9019
9020
9021
9022
9023
9024
9027
9032
9033
9035
9037
9038
9042
9043
9046
9047
9050
9051
9056
9057
9058
9060
9063
9065
9066
9074
9076
9077
9079
9080
9081
9082
9086
9090
9093
9097
9099
9102
9106
9107
9108
9109
9110
9111
9112
9113
9119
9120
9121
9122
9126
9129
9130
9131
9132
9134
9135
9136
9138
9139
9140
9141
9143
9146
9147
9154
9155
9158
9160
9161
9162
9164
9165
9167
9168
9171
9173
9174
9175
9177
9185
9186
9187
9188
9195
9200
9201
9205
9206
9207
9208
9209
9211
9212
9213
9214
9222
9224
9228
9231
9232
9233
9235
9236
9238
9243
9244
9245
9248
9250
9251
9254
9255
9256
9257
9261
9265
9282
9288
9289
9291
9294
9295
9296
9297
9300
9301
9302
9303
9304
9307
9308
9309
9311
9313
9316
9317
9318
9320
9321
9322
9323
9326
9328
9330
9331
9333
9334
9335
9337
9338
9341
9343
9344
9346
9347
9349
9351
9352
9353
9356
9359
9361
9363
9364
9365
9367
9368
9369
9371
9372
9373
9375
9377
9378
9379
9380
9381
9383
9384
9385
9387
9388
9390
9394
9397
9398
9400
9415
9417
9418
9421
9422
9435
9436
9437
9440
9441
9443
9445
9446
9447
9448
9449
9450
9451
9455
9456
9458
9459
9460
9461
9465
9467
9469
9471
9473
9475
9476
9477
9478
9480
9482
9484
9485
9486
9487
9488
9489
9490
9491
9492
9494
9497
9498
9502
9503
9504
9505
9506
9508
9510
9511
9512
9514
9515
9518
9520
9521
9523
9524
9526
9527
9530
9531
9532
9534
9535
9536
9539
9540
9543
9544
9546
9547
9548
9549
9550
9553
9555
9561
9565
9567
9572
9573
9575
9578
9580
9581
9582
9583
9584
9585
9586
9590
9591
9592
9593
9597
9601
9603
9608
9621
9624
9625
9626
9627
9628
9632
9633
9634
9635
9636
9638
9641
9642
9643
9644
9647
9648
9649
9650
9651
9654
9656
9657
9658
9660
9661
9664
9667
9668
9669
9677
9678
9679
9680
9681
9682
9683
9685
9686
9689
9691
9692
9693
9694
9696
9698
9700
9701
9702
9703
9704
9706
9707
9709
9710
9712
9713
9716
9717
9719
9720
9722
9723
9726
9727
9735
9736
9737
9739
9740
9742
9748
9754
9755
9756
9757
9759
9760
9761
9762
9773
9775
9777
9778
9779
9781
9782
9784
9785
9786
9789
9791
9792
9794
9796
9797
9798
9801
9803
9805
9806
9809
9812
9813
9814
9815
9816
9817
9818
9819
9822
9823
9826
9828
9830
9831
9833
9834
9835
9838
9839
9840
9841
9842
9843
9844
9847
9849
9850
9851
9852
9853
9854
9855
9857
9861
9863
9867
9868
9869
9870
9871
9872
9873
9874
9875
9877
9878
9879
9881
9883
9884
9885
9890
9893
9901
9904
9909
9913
9914
9916
9917
9918
9919
9920
9921
9922
9924
9927
9928
9929
9932
9933
9941
9946
9950
9963
9964
9965
9971
9972
9974
9975
9979
9980
9981
9982
9983
9987
9990
9991
9992
9993
9994
9996
9997
9998
9999
10000
10001
10003
10004
10007
10009
10010
10011
10017
10019
10022
10024
10025
10027
10028
10029
10030
10034
10037
10038
10039
10041
10046
10048
10049
10051
10052
10053
10054
10055
10056
10059
10060
10061
10062
10063
10065
10067
10071
10074
10076
10083
10089
10091
10092
10095
10096
10097
10098
10099
10100
10101
10105
10107
10111
10113
10116
10117
10118
10119
10120
10122
10123
10128
10129
10130
10131
10132
10133
10134
10135
10139
10140
10141
10142
10144
10145
10146
10147
10149
10151
10152
10155
10158
10159
10161
10162
10164
10166
10168
10171
10172
10173
10174
10176
10178
10179
10180
10181
10183
10187
10188
10191
10192
10196
10197
10198
10199
10200
10201
10205
10206
10208
10209
10211
10214
10215
10219
10220
10221
10222
10223
10224
10225
10226
10227
10228
10231
10233
10236
10239
10241
10242
10247
10248
10250
10251
10252
10253
10254
10255
10256
10259
10262
10264
10265
10269
10271
10300
10302
10303
10306
10307
10308
10310
10312
10313
10316
10317
10318
10319
10320
10322
10325
10326
10327
10330
10333
10336
10338
10339
10340
10341
10342
10343
10345
10348
10351
10352
10355
10357
10360
10363
10364
10365
10368
10369
10370
10371
10372
10375
10376
10379
10383
10385
10388
10389
10391
10393
10394
10395
10396
10397
10398
10399
10400
10401
10402
10404
10409
10416
10418
10421
10423
10424
10429
10430
10431
10432
10434
10437
10438
10439
10449
10451
10452
10454
10455
10458
10460
10461
10462
10463
10464
10465
10466
10468
10470
10471
10473
10474
10475
10477
10479
10480
10481
10483
10484
10485
10487
10488
10489
10490
10491
10492
10493
10496
10497
10498
10499
10500
10503
10504
10505
10506
10508
10509
10510
10511
10512
10513
10515
10516
10517
10520
10521
10522
10524
10525
10528
10529
10530
10531
10532
10534
10537
10538
10541
10546
10547
10548
10549
10551
10552
10553
10554
10555
10556
10557
10559
10560
10561
10563
10569
10574
10582
10583
10584
10585
10587
10588
10591
10592
10594
10595
10596
10597
10598
10599
10604
10605
10607
10622
10634
10638
10639
10643
10647
10648
10649
10650
10653
10655
10657
10659
10660
10662
10663
10665
10671
10673
10674
10675
10676
10680
10682
10684
10685
10691
10693
10694
10696
10697
10699
10702
10703
10704
10706
10710
10711
10713
10714
10716
10718
10719
10720
10721
10722
10724
10726
10727
10728
10729
10731
10732
10734
10735
10736
10737
10739
10740
10742
10746
10751
10753
10757
10760
10761
10763
10764
10767
10769
10770
10773
10775
10776
10780
10782
10784
10787
10789
10790
10792
10793
10794
10797
10798
10799
10801
10803
10804
10807
10808
10809
10811
10813
